X Y Z
115.000000 100.000000 2585.000000
114.999110 100.283024 2585.000000
114.996440 100.566038 2585.000000
114.991990 100.849029 2585.000000
114.985760 101.131986 2590.000000
114.977751 101.414899 2588.000000
114.967962 101.697755 2588.000000
114.956395 101.980545 2591.000000
114.943049 102.263256 2593.000000
114.927926 102.545877 2592.000000
114.911025 102.828398 2585.000000
114.892348 103.110807 2584.000000
114.871895 103.393093 2585.000000
114.849666 103.675245 2579.000000
114.825664 103.957251 2579.000000
114.799889 104.239101 2579.000000
114.772341 104.520783 2588.000000
114.743022 104.802286 2591.000000
114.711934 105.083599 2591.000000
114.679076 105.364711 2585.000000
114.644452 105.645611 2586.000000
114.608061 105.926288 2586.000000
114.569906 106.206730 2586.000000
114.529987 106.486927 2587.000000
114.488308 106.766867 2587.000000
114.444868 107.046539 2592.000000
114.399670 107.325933 2589.000000
114.352716 107.605037 2588.000000
114.304007 107.883840 2588.000000
114.253546 108.162331 2589.000000
114.201334 108.440499 2589.000000
114.147374 108.718334 2584.000000
114.091668 108.995823 2580.000000
114.034217 109.272957 2580.000000
113.975024 109.549724 2581.000000
113.914092 109.826113 2581.000000
113.851423 110.102113 2581.000000
113.787019 110.377714 2582.000000
113.720883 110.652904 2586.000000
113.653018 110.927673 2587.000000
113.583425 111.202010 2587.000000
113.512109 111.475903 2588.000000
113.439072 111.749343 2588.000000
113.364316 112.022318 2589.000000
113.287844 112.294817 2588.000000
113.209661 112.566830 2589.000000
113.129768 112.838345 2587.000000
113.048169 113.109353 2587.000000
112.964867 113.379843 2587.000000
112.879866 113.649803 2585.000000
112.793168 113.919223 2584.000000
112.704778 114.188092 2584.000000
112.614698 114.456400 2591.000000
112.522933 114.724137 2588.000000
112.429485 114.991291 2588.000000
112.334359 115.257852 2587.000000
112.237559 115.523809 2586.000000
112.139087 115.789152 2586.000000
112.038949 116.053871 2589.000000
111.937148 116.317955 2590.000000
111.833688 116.581393 2590.000000
111.728573 116.844175 2591.000000
111.621807 117.106291 2590.000000
111.513395 117.367730 2590.000000
111.403341 117.628482 2596.000000
111.291648 117.888537 2593.000000
111.178323 118.147885 2593.000000
111.063369 118.406514 2600.000000
110.946790 118.664415 2602.000000
110.828591 118.921578 2602.000000
110.708778 119.177993 1681.000000
110.587354 119.433648 651.000000
110.464325 119.688535 651.000000
110.339695 119.942644 636.000000
110.213469 120.195963 637.000000
110.085652 120.448484 637.000000
109.956250 120.700195 646.000000
109.825267 120.951088 650.000000
109.692709 121.201152 650.000000
109.558581 121.450377 671.000000
109.422888 121.698754 662.000000
109.285635 121.946272 660.000000
109.146828 122.192923 657.000000
109.006473 122.438695 661.000000
108.864575 122.683580 661.000000
108.721140 122.927568 653.000000
108.576172 123.170648 659.000000
108.429679 123.412812 660.000000
108.281666 123.654050 655.000000
108.132138 123.894352 657.000000
107.981102 124.133709 657.000000
107.828563 124.372111 664.000000
107.674528 124.609549 671.000000
107.519003 124.846014 670.000000
107.361994 125.081496 -1863.000000
107.203506 125.315986 -1858.000000
107.043547 125.549474 -1857.000000
106.882123 125.781951 -1846.000000
106.719239 126.013409 -1851.000000
106.554904 126.243838 -1852.000000
106.389122 126.473228 -1840.000000
106.221900 126.701572 -1841.000000
106.053246 126.928859 -1841.000000
105.883166 127.155081 -1844.000000
105.711666 127.380228 -1844.000000
105.538754 127.604293 -1844.000000
105.364435 127.827266 -1841.000000
105.188718 128.049138 -1843.000000
105.011609 128.269900 -1843.000000
104.833115 128.489544 -1837.000000
104.653243 128.708061 -1840.000000
104.472000 128.925442 -1840.000000
104.289393 129.141680 -1841.000000
104.105431 129.356764 -1841.000000
103.920119 129.570687 -1842.000000
103.733465 129.783441 -1842.000000
103.545477 129.995016 -1839.000000
103.356162 130.205405 -1839.000000
103.165527 130.414599 -1861.000000
102.973580 130.622590 -1864.000000
102.780330 130.829369 -1864.000000
102.585782 131.034929 -1830.000000
102.389945 131.239261 -1832.000000
102.192827 131.442358 -1830.000000
101.994436 131.644211 -1811.000000
101.794779 131.844812 -1791.000000
101.593864 132.044153 -1790.000000
100.570705 133.021690 650.000000
100.362413 133.213309 651.000000
100.152919 133.403614 638.000000
99.942233 133.592598 640.000000
99.730363 133.780254 640.000000
99.517316 133.966573 640.000000
99.303102 134.151548 635.000000
99.087728 134.335173 638.000000
98.871204 134.517439 656.000000
98.653538 134.698340 655.000000
98.434738 134.877868 655.000000
98.214814 135.056016 653.000000
97.993773 135.232778 659.000000
97.771625 135.408146 660.000000
97.548379 135.582114 645.000000
97.324043 135.754674 642.000000
97.098626 135.925819 642.000000
96.872137 136.095544 657.000000
96.644585 136.263840 654.000000
96.415979 136.430702 654.000000
96.186328 136.596123 665.000000
95.955641 136.760097 670.000000
95.723927 136.922616 672.000000
94.073959 138.019002 2593.000000
93.834365 138.169661 2594.000000
93.593828 138.318811 2594.000000
93.352357 138.466445 2598.000000
93.109963 138.612557 2594.000000
92.866655 138.757142 2594.000000
92.622443 138.900194 2604.000000
92.377335 139.041707 2603.000000
92.131342 139.181676 2603.000000
91.884474 139.320094 2598.000000
91.636740 139.456957 2599.000000
91.388150 139.592260 2599.000000
91.138714 139.725996 2597.000000
90.888442 139.858161 2595.000000
90.637344 139.988749 2595.000000
90.385429 140.117755 2598.000000
90.132708 140.245175 2596.000000
89.879190 140.371002 2595.000000
89.624886 140.495232 2594.000000
89.369806 140.617861 2594.000000
89.113960 140.738882 2594.000000
88.857357 140.858293 2596.000000
88.600009 140.976087 2594.000000
88.341924 141.092260 2594.000000
88.083115 141.206807 2595.000000
87.823589 141.319725 2595.000000
87.563359 141.431008 2595.000000
87.302434 141.540652 2589.000000
87.040825 141.648653 2588.000000
86.778542 141.755006 2588.000000
86.515594 141.859708 2594.000000
86.251994 141.962754 2594.000000
85.987750 142.064140 2594.000000
85.722875 142.163861 2594.000000
85.457377 142.261915 2594.000000
85.191268 142.358298 2594.000000
84.924557 142.453004 2592.000000
84.657257 142.546032 2594.000000
84.389377 142.637376 2594.000000
84.120927 142.727034 2594.000000
83.851919 142.815001 2593.000000
83.582363 142.901275 2593.000000
83.312270 142.985852 2590.000000
83.041650 143.068729 2592.000000
82.770514 143.149901 2592.000000
82.498873 143.229367 2592.000000
82.226737 143.307123 2595.000000
81.954118 143.383166 2595.000000
81.681026 143.457492 2592.000000
81.407472 143.530100 2593.000000
81.133467 143.600985 2593.000000
80.859021 143.670146 2597.000000
80.584146 143.737579 2595.000000
80.308852 143.803283 2595.000000
80.033150 143.867253 2591.000000
79.757052 143.929488 2591.000000
79.480567 143.989986 2591.000000
79.203708 144.048743 2592.000000
78.926484 144.105758 2592.000000
78.648907 144.161028 2592.000000
78.370988 144.214551 2588.000000
78.092738 144.266326 2588.000000
77.814168 144.316349 2588.000000
77.535289 144.364619 2589.000000
77.256111 144.411134 2590.000000
76.976647 144.455893 2590.000000
76.696907 144.498893 2592.000000
76.416901 144.540132 2593.000000
76.136642 144.579610 2593.000000
75.856140 144.617324 2591.000000
75.575407 144.653274 2589.000000
75.294453 144.687457 2589.000000
75.013289 144.719872 2585.000000
74.731928 144.750518 2585.000000
74.450379 144.779394 2585.000000
74.168653 144.806499 2587.000000
73.886764 144.831831 2587.000000
73.604720 144.855390 2587.000000
73.322534 144.877174 2590.000000
73.040216 144.897184 2590.000000
72.757778 144.915417 2590.000000
72.475231 144.931873 680.000000
72.192586 144.946552 649.000000
71.909854 144.959453 648.000000
71.627047 144.970576 623.000000
71.344175 144.979920 619.000000
71.061250 144.987484 618.000000
70.778284 144.993269 625.000000
70.495286 144.997274 626.000000
70.212269 144.999499 626.000000
69.929243 144.999944 625.000000
69.646221 144.998609 625.000000
69.363212 144.995494 625.000000
69.080228 144.990599 625.000000
68.797281 144.983925 627.000000
68.514382 144.975470 627.000000
68.231541 144.965237 648.000000
67.948770 144.953225 647.000000
67.666080 144.939435 647.000000
67.383483 144.923867 622.000000
67.100989 144.906522 618.000000
66.818610 144.887401 620.000000
66.536356 144.866504 -1860.000000
66.254240 144.843832 -1865.000000
65.972272 144.819386 -1863.000000
65.690463 144.793168 -1869.000000
65.408824 144.765177 -1870.000000
65.127367 144.735416 -1870.000000
64.846103 144.703885 -1870.000000
64.565043 144.670586 -1869.000000
64.284198 144.635520 -1869.000000
64.003579 144.598688 -1859.000000
63.723197 144.560091 -1856.000000
63.443064 144.519733 -1856.000000
63.163189 144.477613 -1855.000000
62.883586 144.433733 -1854.000000
62.604263 144.388096 -1854.000000
62.325234 144.340703 -1856.000000
62.046508 144.291556 -1856.000000
61.768096 144.240657 -1856.000000
61.490010 144.188008 -1846.000000
61.212261 144.133611 -1842.000000
60.934859 144.077468 -1842.000000
60.657816 144.019582 -1853.000000
60.381143 143.959954 -1856.000000
60.104850 143.898588 -1856.000000
59.828949 143.835485 -1858.000000
59.553449 143.770647 -1855.000000
59.278363 143.704079 -1855.000000
59.003702 143.635781 -1863.000000
58.729475 143.565758 -1867.000000
58.455694 143.494011 -1891.000000
57.365244 143.189848 636.000000
57.093855 143.109528 630.000000
56.822975 143.027503 630.000000
56.552617 142.943776 601.000000
56.282791 142.858350 618.000000
56.013508 142.771229 623.000000
55.744778 142.682416 632.000000
55.476611 142.591915 638.000000
55.209020 142.499728 638.000000
54.942013 142.405861 644.000000
54.675602 142.310316 644.000000
54.409797 142.213097 644.000000
54.144609 142.114209 627.000000
53.880048 142.013654 627.000000
53.616125 141.911438 627.000000
53.352850 141.807564 642.000000
53.090233 141.702036 639.000000
52.828285 141.594858 639.000000
52.567017 141.486035 642.000000
52.306438 141.375571 643.000000
52.046559 141.263470 643.000000
51.787390 141.149737 633.000000
51.528942 141.034376 630.000000
51.271224 140.917392 631.000000
51.014248 140.798789 661.000000
50.758022 140.678573 669.000000
50.502557 140.556747 669.000000
50.247864 140.433317 2495.000000
49.993952 140.308288 2552.000000
49.740831 140.181664 2552.000000
49.488512 140.053450 2584.000000
49.237004 139.923652 2587.000000
48.986318 139.792275 2587.000000
48.736463 139.659324 2589.000000
48.487449 139.524804 2590.000000
48.239286 139.388721 2590.000000
47.991983 139.251079 2579.000000
47.745551 139.111885 2578.000000
47.500000 138.971143 2578.000000
47.255339 138.828860 2583.000000
47.011577 138.685041 2582.000000
46.768725 138.539692 2582.000000
46.526791 138.392818 2586.000000
46.285787 138.244425 2585.000000
46.045720 138.094520 2585.000000
45.806601 137.943108 2583.000000
45.568438 137.790195 2583.000000
45.331243 137.635786 2583.000000
45.095023 137.479890 2590.000000
44.859788 137.322510 2588.000000
44.625548 137.163654 2588.000000
44.392312 137.003328 2589.000000
44.160088 136.841538 2590.000000
43.928887 136.678291 2590.000000
43.698717 136.513593 2587.000000
43.469587 136.347451 2586.000000
43.241507 136.179871 2586.000000
43.014485 136.010860 2579.000000
42.788531 135.840424 2577.000000
42.563654 135.668570 2577.000000
42.339861 135.495306 2586.000000
42.117163 135.320637 2586.000000
41.895568 135.144571 2586.000000
41.675084 134.967115 2584.000000
41.455721 134.788276 2584.000000
41.237487 134.608060 2584.000000
41.020391 134.426476 2588.000000
40.804441 134.243530 2589.000000
40.589646 134.059229 2589.000000
40.376014 133.873581 2585.000000
40.163555 133.686593 2586.000000
39.952275 133.498272 2585.000000
39.742184 133.308626 2584.000000
39.533290 133.117663 2585.000000
39.325602 132.925390 2584.000000
39.119126 132.731814 2586.000000
38.913873 132.536943 2586.000000
38.709848 132.340786 2586.000000
38.507062 132.143349 2582.000000
38.305522 131.944640 2582.000000
38.105235 131.744668 2582.000000
37.906210 131.543440 2579.000000
37.708454 131.340965 2577.000000
37.511976 131.137249 2577.000000
37.316783 130.932302 2588.000000
37.122882 130.726131 2588.000000
36.930283 130.518745 2588.000000
36.738991 130.310152 2588.000000
36.549015 130.100359 2590.000000
36.360363 129.889376 2590.000000
36.173041 129.677211 2583.000000
35.987057 129.463871 2585.000000
35.802419 129.249367 2585.000000
35.619133 129.033705 2584.000000
35.437208 128.816894 2580.000000
35.256649 128.598944 2580.000000
35.077465 128.379862 2590.000000
34.899663 128.159658 2587.000000
34.723249 127.938340 2586.000000
34.548230 127.715916 2576.000000
34.374614 127.492397 2578.000000
34.202407 127.267789 2579.000000
33.036982 125.665840 677.000000
32.876290 125.432856 667.000000
32.717066 125.198865 665.000000
32.559317 124.963878 639.000000
32.403048 124.727904 651.000000
32.248268 124.490951 653.000000
32.094980 124.253030 633.000000
31.943192 124.014149 648.000000
31.792909 123.774318 648.000000
31.644138 123.533547 629.000000
31.496884 123.291845 633.000000
31.351153 123.049222 632.000000
31.206951 122.805687 640.000000
31.064283 122.561249 645.000000
30.923156 122.315919 643.000000
29.978851 120.574441 -1814.000000
29.850241 120.322324 -1824.000000
29.723219 120.069403 -1825.000000
29.597791 119.815688 -1837.000000
29.473960 119.561189 -1827.000000
29.351733 119.305916 -1828.000000
29.231114 119.049880 -1861.000000
29.112107 118.793090 -1858.000000
28.994718 118.535556 -1859.000000
28.878951 118.277290 -1850.000000
28.764810 118.018300 -1850.000000
28.652301 117.758598 -1850.000000
28.541427 117.498193 -1856.000000
28.432194 117.237096 -1860.000000
28.324604 116.975317 -1860.000000
28.218663 116.712867 -1854.000000
28.114375 116.449755 -1857.000000
28.011744 116.185993 -1857.000000
27.910774 115.921590 -1850.000000
27.811469 115.656558 -1851.000000
27.713832 115.390906 -1851.000000
27.617868 115.124646 -1853.000000
27.523581 114.857787 -1853.000000
27.430974 114.590341 -1853.000000
27.340051 114.322317 -1853.000000
27.250816 114.053727 -1855.000000
27.163271 113.784581 -1856.000000
27.077421 113.514889 -1868.000000
26.993269 113.244663 -1860.000000
26.910818 112.973914 -1858.000000
26.830072 112.702650 -1486.000000
26.751034 112.430885 -1889.000000
26.673706 112.158627 -1687.000000
26.598092 111.885889 634.000000
26.524195 111.612681 634.000000
26.452017 111.339013 633.000000
26.381563 111.064896 643.000000
26.312834 110.790342 641.000000
26.245832 110.515361 641.000000
26.180562 110.239964 620.000000
26.117025 109.964162 625.000000
26.055224 109.687966 624.000000
25.995162 109.411387 640.000000
25.936840 109.134435 643.000000
25.880261 108.857122 642.000000
25.825427 108.579459 639.000000
25.772341 108.301456 635.000000
25.721004 108.023125 635.000000
25.671419 107.744477 609.000000
25.623588 107.465522 615.000000
25.577511 107.186272 624.000000
25.533192 106.906737 643.000000
25.490632 106.626930 645.000000
25.449833 106.346860 645.000000
25.410796 106.066539 647.000000
25.373523 105.785978 649.000000
25.338015 105.505189 651.000000
25.304274 105.224181 2584.000000
25.272301 104.942967 2596.000000
25.242097 104.661557 2596.000000
25.213664 104.379963 2602.000000
25.187002 104.098196 2603.000000
25.162113 103.816267 2602.000000
25.138998 103.534186 2595.000000
25.117657 103.251966 2593.000000
25.098092 102.969617 2593.000000
25.080303 102.687151 2587.000000
25.064290 102.404578 2587.000000
25.050056 102.121911 2586.000000
25.037599 101.839159 2590.000000
25.026921 101.556335 2589.000000
25.018022 101.273449 2589.000000
25.010903 100.990512 2588.000000
25.005563 100.707537 2588.000000
25.002003 100.424533 2588.000000
25.000223 100.141513 2589.000000
25.000223 99.858487 2588.000000
25.002003 99.575467 2588.000000
25.005563 99.292463 2594.000000
25.010903 99.009488 2596.000000
25.018022 98.726551 2596.000000
25.026921 98.443665 2592.000000
25.037599 98.160841 2590.000000
25.050056 97.878089 2590.000000
25.064290 97.595422 2593.000000
25.080303 97.312849 2595.000000
25.098092 97.030383 2595.000000
25.117657 96.748034 2595.000000
25.138998 96.465814 2593.000000
25.162113 96.183733 2593.000000
25.187002 95.901804 2595.000000
25.213664 95.620037 2598.000000
25.242097 95.338443 2598.000000
25.272301 95.057033 2595.000000
25.304274 94.775819 2596.000000
25.338015 94.494811 2596.000000
25.373523 94.214022 2593.000000
25.410796 93.933461 2592.000000
25.449833 93.653140 2593.000000
25.490632 93.373070 2597.000000
25.533192 93.093263 2603.000000
25.577511 92.813728 2603.000000
25.623588 92.534478 2593.000000
25.671419 92.255523 2596.000000
25.721004 91.976875 2596.000000
25.772341 91.698544 2596.000000
25.825427 91.420541 2596.000000
25.880261 91.142878 2595.000000
25.936840 90.865565 2600.000000
25.995162 90.588613 2601.000000
26.055224 90.312034 2601.000000
26.117025 90.035838 2596.000000
26.180562 89.760036 2596.000000
26.245832 89.484639 2595.000000
26.312834 89.209658 2597.000000
26.381563 88.935104 2596.000000
26.452017 88.660987 2595.000000
26.524195 88.387319 2595.000000
26.598092 88.114111 2594.000000
26.673706 87.841373 2594.000000
26.751034 87.569115 2591.000000
26.830072 87.297350 2593.000000
26.910818 87.026086 2593.000000
26.993269 86.755337 2602.000000
27.077421 86.485111 2601.000000
27.163271 86.215419 2601.000000
27.250816 85.946273 2600.000000
27.340051 85.677683 2601.000000
27.430974 85.409659 2602.000000
27.523581 85.142213 2592.000000
27.617868 84.875354 2592.000000
27.713832 84.609094 2590.000000
28.541427 82.501807 749.000000
28.652301 82.241402 748.000000
28.764810 81.981700 677.000000
28.878951 81.722710 675.000000
28.994718 81.464444 674.000000
29.112107 81.206910 652.000000
29.231114 80.950120 662.000000
29.351733 80.694084 663.000000
29.473960 80.438811 636.000000
29.597791 80.184312 641.000000
29.723219 79.930597 642.000000
29.850241 79.677676 638.000000
29.978851 79.425559 639.000000
30.109044 79.174255 639.000000
30.240815 78.923776 648.000000
30.374159 78.674130 643.000000
30.509070 78.425328 642.000000
32.094980 75.746970 -1790.000000
32.248268 75.509049 -1792.000000
32.403048 75.272096 -1830.000000
32.559317 75.036122 -1834.000000
32.717066 74.801135 -1834.000000
32.876290 74.567144 -1853.000000
33.036982 74.334160 -1845.000000
33.199137 74.102192 -1842.000000
33.362747 73.871247 -1844.000000
33.527807 73.641337 -1845.000000
33.694309 73.412468 -1845.000000
33.862248 73.184652 -1845.000000
34.031616 72.957896 -1845.000000
34.202407 72.732211 -1845.000000
34.374614 72.507603 -1842.000000
34.548230 72.284084 -1845.000000
34.723249 72.061660 -1845.000000
34.899663 71.840342 -1842.000000
35.077465 71.620138 -1842.000000
35.256649 71.401056 -1843.000000
35.437208 71.183106 -1844.000000
35.619133 70.966295 -1845.000000
35.802419 70.750633 -1846.000000
35.987057 70.536129 -1845.000000
36.173041 70.322789 -1848.000000
36.360363 70.110624 -1849.000000
36.549015 69.899641 -1833.000000
36.738991 69.689848 -1845.000000
36.930283 69.481255 -1848.000000
37.122882 69.273869 -1869.000000
37.316783 69.067698 -1863.000000
37.511976 68.862751 -1855.000000
37.708454 68.659035 635.000000
37.906210 68.456560 633.000000
38.105235 68.255332 633.000000
38.305522 68.055360 615.000000
38.507062 67.856651 635.000000
38.709848 67.659214 637.000000
38.913873 67.463057 635.000000
39.119126 67.268186 628.000000
39.325602 67.074610 628.000000
39.533290 66.882337 642.000000
39.742184 66.691374 632.000000
39.952275 66.501728 631.000000
40.163555 66.313407 667.000000
40.376014 66.126419 663.000000
40.589646 65.940771 663.000000
40.804441 65.756470 654.000000
41.020391 65.573524 658.000000
41.237487 65.391940 661.000000
41.455721 65.211724 664.000000
41.675084 65.032885 668.000000
41.895568 64.855429 669.000000
42.117163 64.679363 2611.000000
42.339861 64.504694 2609.000000
42.563654 64.331430 2609.000000
42.788531 64.159576 2603.000000
43.014485 63.989140 2601.000000
43.241507 63.820129 2599.000000
43.469587 63.652549 2596.000000
43.698717 63.486407 2596.000000
43.928887 63.321709 2596.000000
44.160088 63.158462 2597.000000
44.392312 62.996672 2599.000000
44.625548 62.836346 2600.000000
44.859788 62.677490 2598.000000
45.095023 62.520110 2598.000000
45.331243 62.364214 2598.000000
45.568438 62.209805 2600.000000
45.806601 62.056892 2603.000000
46.045720 61.905480 2603.000000
46.285787 61.755575 2598.000000
46.526791 61.607182 2600.000000
46.768725 61.460308 2600.000000
47.011577 61.314959 2600.000000
47.255339 61.171140 2598.000000
47.500000 61.028857 2598.000000
47.745551 60.888115 2598.000000
47.991983 60.748921 2597.000000
48.239286 60.611279 2598.000000
48.487449 60.475196 2600.000000
48.736463 60.340676 2598.000000
48.986318 60.207725 2598.000000
49.237004 60.076348 2605.000000
49.488512 59.946550 2606.000000
49.740831 59.818336 2605.000000
49.993952 59.691712 2598.000000
50.247864 59.566683 2601.000000
50.502557 59.443253 2601.000000
50.758022 59.321427 2601.000000
51.014248 59.201211 2602.000000
51.271224 59.082608 2602.000000
51.528942 58.965624 2598.000000
51.787390 58.850263 2598.000000
52.046559 58.736530 2598.000000
52.306438 58.624429 2597.000000
52.567017 58.513965 2596.000000
52.828285 58.405142 2596.000000
53.090233 58.297964 2599.000000
53.352850 58.192436 2599.000000
53.616125 58.088562 2599.000000
53.880048 57.986346 2597.000000
54.144609 57.885791 2597.000000
54.409797 57.786903 2597.000000
54.675602 57.689684 2597.000000
54.942013 57.594139 2598.000000
55.209020 57.500272 2598.000000
55.476611 57.408085 2596.000000
55.744778 57.317584 2596.000000
56.013508 57.228771 2596.000000
56.282791 57.141650 2598.000000
56.552617 57.056224 2599.000000
56.822975 56.972497 2599.000000
57.093855 56.890472 2596.000000
57.365244 56.810152 2596.000000
57.637134 56.731541 2596.000000
57.909512 56.654641 2594.000000
58.182369 56.579456 2595.000000
58.455694 56.505989 2595.000000
58.729475 56.434242 2593.000000
59.003702 56.364219 2595.000000
59.278363 56.295921 2595.000000
59.553449 56.229353 2589.000000
59.828949 56.164515 2588.000000
60.104850 56.101412 2589.000000
60.381143 56.040046 2594.000000
60.657816 55.980418 2596.000000
60.934859 55.922532 2596.000000
61.212261 55.866389 2599.000000
61.490010 55.811992 2598.000000
61.768096 55.759343 2598.000000
62.046508 55.708444 2568.000000
62.325234 55.659297 2563.000000
62.604263 55.611904 2563.000000
63.723197 55.439909 681.000000
64.003579 55.401312 674.000000
64.284198 55.364480 673.000000
64.565043 55.329414 640.000000
64.846103 55.296115 641.000000
65.127367 55.264584 641.000000
65.408824 55.234823 624.000000
65.690463 55.206832 626.000000
65.972272 55.180614 626.000000
66.254240 55.156168 660.000000
66.536356 55.133496 658.000000
66.818610 55.112599 658.000000
67.100989 55.093478 633.000000
67.383483 55.076133 636.000000
67.666080 55.060565 636.000000
67.948770 55.046775 641.000000
68.231541 55.034763 646.000000
68.514382 55.024530 646.000000
68.797281 55.016075 642.000000
69.080228 55.009401 637.000000
69.363212 55.004506 638.000000
69.646221 55.001391 644.000000
69.929243 55.000056 640.000000
70.212269 55.000501 640.000000
70.495286 55.002726 619.000000
70.778284 55.006731 612.000000
71.061250 55.012516 612.000000
72.192586 55.053448 -1841.000000
72.475231 55.068127 -1842.000000
72.757778 55.084583 -1847.000000
73.040216 55.102816 -1870.000000
73.322534 55.122826 -1859.000000
73.604720 55.144610 -1859.000000
73.886764 55.168169 -1854.000000
74.168653 55.193501 -1850.000000
74.450379 55.220606 -1849.000000
74.731928 55.249482 -1853.000000
75.013289 55.280128 -1854.000000
75.294453 55.312543 -1855.000000
75.575407 55.346726 -1853.000000
75.856140 55.382676 -1854.000000
76.136642 55.420390 -1853.000000
76.416901 55.459868 -1854.000000
76.696907 55.501107 -1854.000000
76.976647 55.544107 -1854.000000
77.256111 55.588866 -1851.000000
77.535289 55.635381 -1851.000000
77.814168 55.683651 -1851.000000
78.092738 55.733674 -1852.000000
78.370988 55.785449 -1853.000000
78.648907 55.838972 -1853.000000
78.926484 55.894242 -1857.000000
79.203708 55.951257 -1855.000000
79.480567 56.010014 -1855.000000
79.757052 56.070512 -1847.000000
80.033150 56.132747 -1847.000000
80.308852 56.196717 -1847.000000
80.584146 56.262421 458.000000
80.859021 56.329854 619.000000
81.133467 56.399015 634.000000
81.407472 56.469900 660.000000
81.681026 56.542508 663.000000
81.954118 56.616834 663.000000
82.226737 56.692877 649.000000
82.498873 56.770633 649.000000
82.770514 56.850099 649.000000
83.041650 56.931271 632.000000
83.312270 57.014148 634.000000
83.582363 57.098725 634.000000
83.851919 57.184999 627.000000
84.120927 57.272966 617.000000
84.389377 57.362624 616.000000
84.657257 57.453968 631.000000
84.924557 57.546996 637.000000
85.191268 57.641702 637.000000
85.457377 57.738085 629.000000
85.722875 57.836139 629.000000
85.987750 57.935860 629.000000
86.251994 58.037246 691.000000
86.515594 58.140292 703.000000
86.778542 58.244994 703.000000
87.040825 58.351347 2594.000000
87.302434 58.459348 2595.000000
87.563359 58.568992 2595.000000
87.823589 58.680275 2585.000000
88.083115 58.793193 2587.000000
88.341924 58.907740 2587.000000
88.600009 59.023913 2584.000000
88.857357 59.141707 2585.000000
89.113960 59.261118 2584.000000
89.369806 59.382139 2588.000000
89.624886 59.504768 2587.000000
89.879190 59.628998 2586.000000
90.132708 59.754825 2584.000000
90.385429 59.882245 2583.000000
90.637344 60.011251 2583.000000
90.888442 60.141839 2589.000000
91.138714 60.274004 2586.000000
91.388150 60.407740 2586.000000
91.636740 60.543043 2584.000000
91.884474 60.679906 2583.000000
92.131342 60.818324 2583.000000
92.377335 60.958293 2591.000000
92.622443 61.099806 2591.000000
92.866655 61.242858 2591.000000
93.109963 61.387443 2589.000000
93.352357 61.533555 2592.000000
93.593828 61.681189 2591.000000
93.834365 61.830339 2589.000000
94.073959 61.980998 2590.000000
94.312601 62.133162 2589.000000
94.550281 62.286823 2589.000000
94.786990 62.441976 2588.000000
95.022718 62.598615 2588.000000
95.257457 62.756734 2590.000000
95.491196 62.916325 2590.000000
95.723927 63.077384 2591.000000
95.955641 63.239903 2587.000000
96.186328 63.403877 2586.000000
96.415979 63.569298 2586.000000
96.644585 63.736160 2588.000000
96.872137 63.904456 2586.000000
97.098626 64.074181 2586.000000
97.324043 64.245326 2591.000000
97.548379 64.417886 2590.000000
97.771625 64.591854 2590.000000
97.993773 64.767222 2588.000000
98.214814 64.943984 2589.000000
98.434738 65.122132 2589.000000
98.653538 65.301660 2586.000000
98.871204 65.482561 2584.000000
99.087728 65.664827 2584.000000
99.303102 65.848452 2591.000000
99.517316 66.033427 2590.000000
99.730363 66.219746 2590.000000
99.942233 66.407402 2593.000000
100.152919 66.596386 2595.000000
100.362413 66.786691 2595.000000
100.570705 66.978310 2587.000000
100.777788 67.171236 2588.000000
100.983654 67.365460 2588.000000
101.188294 67.560975 2588.000000
101.391700 67.757773 2589.000000
101.593864 67.955847 2590.000000
101.794779 68.155188 2585.000000
101.994436 68.355789 2585.000000
102.192827 68.557642 2585.000000
102.389945 68.760739 2589.000000
102.585782 68.965071 2588.000000
102.780330 69.170631 2588.000000
102.973580 69.377410 2589.000000
103.165527 69.585401 2590.000000
103.356162 69.794595 2590.000000
103.545477 70.004984 2586.000000
103.733465 70.216559 2586.000000
103.920119 70.429313 2586.000000
104.105431 70.643236 2581.000000
104.289393 70.858320 2582.000000
104.472000 71.074558 2582.000000
104.653243 71.291939 2590.000000
104.833115 71.510456 2586.000000
105.011609 71.730100 2586.000000
105.188718 71.950862 2628.000000
105.364435 72.172734 2618.000000
105.538754 72.395707 2613.000000
106.221900 73.298428 640.000000
106.389122 73.526772 637.000000
106.554904 73.756162 638.000000
106.719239 73.986591 648.000000
106.882123 74.218049 645.000000
107.043547 74.450526 648.000000
107.203506 74.684014 636.000000
107.361994 74.918504 631.000000
107.519003 75.153986 631.000000
107.674528 75.390451 638.000000
107.828563 75.627889 644.000000
107.981102 75.866291 645.000000
108.132138 76.105648 641.000000
108.281666 76.345950 642.000000
108.429679 76.587188 643.000000
108.576172 76.829352 632.000000
108.721140 77.072432 632.000000
108.864575 77.316420 632.000000
109.006473 77.561305 636.000000
109.146828 77.807077 638.000000
109.285635 78.053728 638.000000
109.422888 78.301246 633.000000
109.558581 78.549623 633.000000
109.692709 78.798848 632.000000
109.825267 79.048912 656.000000
109.956250 79.299805 663.000000
110.085652 79.551516 670.000000
110.213469 79.804037 -1872.000000
110.339695 80.057356 -1875.000000
110.464325 80.311465 -1875.000000
110.587354 80.566352 -1844.000000
110.708778 80.822007 -1845.000000
110.828591 81.078422 -1842.000000
110.946790 81.335585 -1856.000000
111.063369 81.593486 -1853.000000
111.178323 81.852115 -1852.000000
111.291648 82.111463 -1859.000000
111.403341 82.371518 -1860.000000
111.513395 82.632270 -1860.000000
111.621807 82.893709 -1851.000000
111.728573 83.155825 -1854.000000
111.833688 83.418607 -1854.000000
111.937148 83.682045 -1857.000000
112.038949 83.946129 -1859.000000
112.139087 84.210848 -1859.000000
112.237559 84.476191 -1861.000000
112.334359 84.742148 -1862.000000
112.429485 85.008709 -1862.000000
112.522933 85.275863 -1851.000000
112.614698 85.543600 -1851.000000
112.704778 85.811908 -1851.000000
112.793168 86.080777 -1882.000000
112.879866 86.350197 -1889.000000
112.964867 86.620157 -1883.000000
113.048169 86.890647 -1826.000000
113.129768 87.161655 -1818.000000
113.209661 87.433170 -1817.000000
113.287844 87.705183 -1800.000000
113.364316 87.977682 -1777.000000
113.439072 88.250657 -1777.000000
114.147374 91.281666 632.000000
114.201334 91.559501 633.000000
114.253546 91.837669 634.000000
114.304007 92.116160 633.000000
114.352716 92.394963 633.000000
114.399670 92.674067 626.000000
114.444868 92.953461 625.000000
114.488308 93.233133 625.000000
114.529987 93.513073 637.000000
114.569906 93.793270 648.000000
114.608061 94.073712 648.000000
114.644452 94.354389 689.000000
114.679076 94.635289 703.000000
114.711934 94.916401 706.000000
114.943049 97.736744 2582.000000
114.956395 98.019455 2577.000000
114.967962 98.302245 2577.000000
114.977751 98.585101 2582.000000
114.985760 98.868014 2583.000000
114.991990 99.150971 2582.000000
114.996440 99.433962 2591.000000
114.999110 99.716976 2593.000000
115.000000 100.000000 2593.000000
